0,0.12250757,0.1469051,-0.038639351,0.38232243,-0.1416669,0.1086301,-0.05737034,-0.067431086,0.073011779,0.34483159,0.053873777,-0.035712442,0.071864292,-0.14654507,-0.078298134,0.094442021,0.11665542,-0.026285984,0.27262663,-0.052956639,-0.011313337,-0.10074782,0.00082314914,0.042036146,-0.045947697,0.038394923,-0.033488098,0.059831673,-0.023084075,0.019082518,0.056023484,0.3048102,0.092882779,0.011899294,0.013475174,0.15361017,0.181871,0.081644327,0.52246669,-0.01373145,-0.071989321,-0.070906302,0.00052154953,-0.017057034,0.16177779,-0.11904227,-0.032661571,0.17666606,0.0062390063,0.092881572,-0.11094529,-0.11702336,0.064221634,0.029681441,-0.081569858,0.13002406,0.17892968,-0.066965839,0.22386891,-0.096750743,0.078776804,0.021030164,0.38637426,-0.12859892,0.73512324,0.029859113,-0.07940084,0.41933778,-0.09913969,0.49296179,0.03595442,0.048659266,-0.03712272,0.0056499839,0.090149116,0.14605257,0.0066437059,0.47549922,-0.11186881,-0.067873886,0.23281242,-0.16257441,-0.034370558,0.11867624,-0.084810796,0.20602449,-0.030897342,0.12735973,-0.050942592,-0.079510959,-0.057337755,0.18094171,0.3543769,-0.078678281,0.1207355,-0.11393995,-0.071127472,-0.10042729,-0.1048089,0.061044185,0.056067768,0.079928938,-0.10073363,-0.049427198,-0.04102114,-0.029765127,-0.067216761,0.17169641,-0.082960423,-0.082843648,0.029274968,0.15346672,-0.084298406,-0.11678254,0.033345767,-0.11363152,-0.036054105,0.031835915,0.022457373,-0.048677313,0.42501191,-0.080777253,0.40801303,0.43570063,-0.15381313,0.024891532,0.099078876,-0.018090748,-0.11469828,0.081673611,-0.17742723,-0.11098334,-0.020012601,-0.040467869,-0.11516733,-0.060953799,0.021658214,-0.08290881,0.035511099,-0.11601631,0.062658135,0.084669119,-0.061751138,0.46052944,0.45580745,-0.060319644,-0.10740492,-0.014238187,-0.047993043,0.089422827,0.010371654,0.015883772,0.20713585,-0.057480056,-0.068365296,0.052101006,0.43729104,-0.063018114,0.10133007,-0.051238019,0.15686132,0.24028544,-0.068562731,-0.070153405,0.041230872,-0.062289996,0.3724702,-0.13718206,-0.066957932,-0.022100131,0.01731731,0.18300184,0.22062036,-0.094063443,-0.033664108,-0.0068771852,0.019046673,0.022472643,-0.09893077,0.0079663868,0.10266461,0.15884838,0.085001559,-0.10351032,0.19316347,0.27026153,-0.045913312
0.12250757,0,-0.11734713,0.18369652,0.13698677,0.10017088,-0.28053927,0.4042573,0.24370468,-0.065535973,0.068695532,0.46261933,-0.079359266,-0.22887894,0.25626422,-0.063796977,-0.17030392,-0.10051326,-0.11015476,0.045443215,-0.16381598,-0.24940634,0.14957307,-0.33285674,0.21216791,-0.051661311,0.69755563,0.58260461,0.54937528,-0.30586313,-0.04362616,-0.30936437,0.083643124,0.1971855,-0.25374723,-0.26309355,-0.23726458,0.12354558,0.25157264,0.10370796,-0.29874995,-0.060784759,0.36203977,-0.13142907,0.54777033,0.38274106,-0.31895502,-0.23025703,-0.0032900859,0.41606889,0.04759158,0.13682727,-0.14982319,0.49462922,0.037321906,-0.18076344,-0.19480893,-0.103876,-0.25501515,0.10800969,0.14315867,0.29946078,-0.23800761,0.13331657,-0.023735067,0.079179773,0.058366158,0.030801578,0.073290511,0.17590675,0.056301227,-0.24883998,-0.18786089,-0.042667482,0.72403059,0.1348939,-0.38820615,0.13836404,0.18808687,-0.18290485,-0.31542107,0.1123421,0.20489698,0.15087079,0.13689611,0.23137027,-0.0067741854,-0.013018099,0.78002711,0.2434078,0.2329751,0.085622933,-0.012721717,-0.019639759,0.067822929,0.098497576,-0.1907123,0.26499689,0.17487761,0.011509049,-0.10995298,-0.12055207,0.092299486,0.12325125,0.31947471,-0.3164002,0.13058366,-0.40577677,-0.15026104,0.16503385,0.45704963,-0.21450572,0.46008139,-0.050476683,0.046837163,0.2117705,0.13879449,0.57460098,0.10439889,-0.025116176,0.27874693,0.10555713,-0.024845807,-0.01849127,0.06670085,0.04189385,0.15637573,0.038104109,-0.27988157,0.28135366,-0.26194259,0.12994045,0.053479521,0.58232926,0.14208114,0.33203363,-0.096368206,-0.015498854,-0.19935356,-0.034358571,0.16773672,0.053667604,-0.19279152,0.29568192,0.10803982,0.16050289,-0.044794269,0.044801963,0.090778096,0.56673104,-0.18313104,-0.28225802,-0.092641977,0.44322646,0.26104917,-0.1133437,0.030635459,-0.085223924,-0.26391195,0.59254926,-0.41889201,0.13998528,0.039298075,0.2157317,-0.34749772,-0.0084538755,0.0094337954,0.053994353,0.0064304765,-0.032794505,0.13614236,0.058212784,0.1390461,0.005663726,0.12229825,0.011969545,-0.25538091,0.51532163,0.53551215,0.23218135,-0.21951954,-0.055139373,0.11250263,-0.29820905,-0.085493274,0.0057504248,0.043638716,-0.13993268
0.1469051,-0.11734713,0,-0.018220996,0.45674384,-0.096364555,0.064580836,-0.1556764,-0.19969951,0.3773647,0.65102771,-0.064495126,-0.073890152,-0.0010900812,-0.21764446,-0.13342427,0.17322663,0.11192575,0.094460514,0.047185671,-0.27890717,0.15286813,-0.12250015,-0.041901845,-0.2412488,-0.0098669914,-0.2144941,-0.16234341,-0.055042199,-0.13051849,0.28634156,-0.12298586,-0.046860447,0.020327447,0.086762911,0.30081125,-0.0054760374,0.31250954,0.40306628,0.13296486,0.35972971,-0.26863341,-0.22374556,-0.082986565,-0.22297018,0.0586738,0.063469303,-0.027826093,-0.02669225,-0.13060124,-0.16365726,-0.23863513,-0.10485509,-0.10288396,-0.17826015,0.19639198,0.67515972,0.37377397,0.26089793,-0.096438476,-0.16609432,0.10256966,0.35611321,0.39829456,-0.2071695,0.22607934,-0.15716737,-0.24645585,0.31370311,-0.15974888,0.010683974,0.17768814,0.24425673,-0.070639546,-0.19764506,0.15508536,0.2213257,-0.1691429,0.29432449,-0.14163165,0.38701291,-0.022293345,-0.23105994,0.14991536,-0.10738404,-0.32174863,0.62562298,-0.11368979,0.025051891,-0.34882572,-0.20369568,0.087687948,-0.070377415,0.51480323,-0.12834901,0.18656061,0.14284346,-0.14027829,-0.25896075,-0.21395839,0.18932569,-0.030344291,0.14939366,-0.13842803,-0.16202942,0.10745016,-0.079410414,0.048063405,-0.0063180225,-0.14674533,-0.096972492,0.27909626,0.13432752,-0.09657945,-0.1770939,-0.048443086,-0.13796891,-0.24490609,-0.17866981,-0.026612084,0.16926043,0.097724554,-0.062037075,0.10888898,0.049924487,-0.051597609,-0.15386185,0.47495337,0.35728938,-0.24230206,0.12362227,-0.19446721,0.1375845,-0.054933404,-0.1117975,-0.27065083,-0.22661453,-0.16235252,0.013609386,-0.11020353,-0.15744915,0.2688312,0.3189363,-0.16732054,0.028796948,0.064723048,-0.12244374,-0.10438353,-0.040554138,-0.24054102,0.10227187,0.30149919,-0.14838909,-0.022821693,-0.083329411,-0.22985215,-0.12458202,0.17089608,0.17384836,-0.062841508,0.23592475,-0.13557658,0.092133124,-0.2798058,0.24903135,0.084523741,-0.1609252,0.011919588,-0.063062203,0.24203665,-0.019985059,-0.14096651,-0.11897084,0.60553102,-0.17285129,-0.19949346,0.11542391,-0.045922283,-0.1082812,-0.32030537,0.068468881,0.044680338,-0.12966176,0.018335835,0.09702808,-0.015961687,0.4510806,-0.17238199
-0.038639351,0.18369652,-0.018220996,0,0.055763511,-0.093557773,-0.25484621,-0.042641405,0.22285592,0.011029232,-0.060386028,-0.084757526,0.22064943,0.061577766,-0.031132055,-0.14014467,0.066304368,0.33624429,0.078197782,-0.080910438,0.085848008,0.061414896,-0.097514574,-0.19679593,-0.1350745,0.42819192,0.069474067,0.061881483,-0.08485644,0.073631076,0.093484558,-0.089848857,-0.029347814,0.2283248,0.045600926,0.023393981,-0.21129246,0.14757854,0.16749599,-0.086957644,-0.0095575572,0.29113891,-0.021876518,-0.13303929,0.38444237,0.057482128,0.025210195,0.17315558,-0.13832448,-0.0788447,0.16931828,-0.058130291,0.064772458,-0.087596856,-0.099356018,0.18478524,0.0095071299,0.24498867,0.13697084,0.0038974309,-0.13794896,0.17730879,0.0070606226,0.0066114435,-0.089301586,-0.035868978,-0.18399695,-0.16259468,0.056938931,-0.070693127,-0.092511069,0.13335314,0.20916858,-0.12369129,0.14680328,0.11048403,-0.11528048,-0.081098059,0.045478898,-0.08622169,-0.0092336728,0.14546253,-0.080734712,0.034216923,-0.18353319,0.38379614,0.16905266,-0.10089053,0.087709451,0.26691413,0.13669526,0.35785955,-0.26293197,-0.084290411,-0.18446186,0.14753088,0.13037913,-0.10628702,0.10965202,-0.2034181,0.034406136,0.090270739,0.2126632,-0.090552459,0.015382968,0.12828749,-0.14175464,-0.044393102,-0.28639198,-0.050994822,0.0079130385,0.1370198,0.3583621,-0.18955552,0.05077472,0.13640436,0.15412336,-0.044358978,-0.13688426,0.045651091,0.35312671,-0.14069298,0.23368885,-0.14760437,-0.089223622,0.10009733,-0.16078375,0.02269518,-0.04849446,0.01640929,0.093264555,-0.14827124,0.27240414,0.025258139,-0.098511772,0.047875558,0.0012655829,-0.15547169,0.15938004,-0.11084334,-0.11466223,0.15010134,0.044568723,0.59041858,-0.081283754,-0.13250917,-0.16783315,-0.22563719,0.57465055,0.064157878,-0.052154788,0.04370374,-0.11176099,0.10687966,-0.074459089,0.26334744,-0.094666278,-0.075881046,0.21785018,-0.062673124,-0.039123025,-0.094935914,0.01887719,0.037323232,-0.0342878,0.27313648,-0.12904832,-0.11915149,-0.048431252,0.45595969,0.10274874,-0.21554668,-0.11230468,-0.032113211,-0.13749015,-0.18755171,0.15270104,-0.036149449,0.057258107,-0.014373643,-0.19607891,-0.031373157,-0.02953801,-0.20037373,0.0031059462,-0.024647172,0.0028187142,-0.25746102
0.38232243,0.13698677,0.45674384,0.055763511,0,-0.088453596,-0.024726112,-0.10068654,-0.011585824,0.031493274,0.72151628,0.021209959,-0.10549674,-0.067452701,-0.11613414,-0.10902679,0.0011873115,0.14575595,-0.05913515,0.11413152,-0.16667258,-0.054487542,-0.117227,-0.025850861,-0.05048479,0.02539895,0.053796964,0.046443569,0.075553251,-0.13203643,-0.02966828,0.011981042,0.1293536,0.12058377,-0.066620143,-0.0016658095,-0.0039211075,0.22332724,0.13490494,0.35965306,-0.0040737882,-0.13704725,-0.088328589,-0.11437556,-0.027569397,0.19877375,-0.17846404,-0.033247131,-0.045943054,-0.056871314,0.077292897,-0.093924613,-0.14322036,0.012918355,-0.11766402,0.048481372,0.24982697,0.44151417,0.054656143,0.022808683,-0.11558188,0.053529708,0.15202895,0.48166258,-0.18840161,0.37987335,-0.07903287,-0.078783925,0.66178487,-0.11342188,0.2100411,-0.011361249,0.072840013,-0.086878133,0.040349181,0.11849751,0.037208855,0.013391403,0.56377453,-0.07067478,0.072326537,0.094104171,-0.10337318,0.010176541,-0.009630654,-0.043542287,0.63533818,-0.068374277,0.14166537,-0.080818361,-0.1451071,0.070899765,0.023224015,0.47203878,-0.087498764,0.083315497,-0.14605341,-0.1024905,-0.10096899,-0.058406058,0.068766665,-0.0049199572,0.21556246,-0.15158222,-0.037274704,-0.060407915,-0.016511255,-0.14850478,0.011006084,-0.11590324,-0.02768087,0.16673285,0.14025688,-0.11042225,-0.10287815,0.072655975,-0.014782507,-0.064276175,-0.097127931,0.018963991,0.019246565,0.19250985,-0.03872089,0.17824571,0.23014791,-0.082654678,-0.077254876,0.1261823,0.17235233,-0.1250454,0.049874704,-0.11588979,-0.053878537,0.029232427,-0.088125081,-0.084024492,-0.053312707,-0.12359394,-0.13782428,0.029647858,-0.13586907,0.18736265,0.034692004,-0.020294312,0.15281962,0.24397867,-0.081683039,-0.070341625,0.083864441,0.013489554,0.0049518617,0.16557312,-0.11506649,0.20591187,-0.072893801,-0.1749947,-0.029774074,0.18700853,-0.10377263,0.066435184,-0.033732973,0.048093905,0.092973038,-0.074225281,-0.075547659,0.019214171,-0.07140924,0.18823653,-0.14730574,0.02556911,-0.092758296,-0.075866633,-0.0077988615,0.47048682,-0.074150751,-0.053462298,-0.066380391,0.0028062971,0.0006279485,-0.15132252,-0.007380372,0.0095780577,0.063678431,-0.017277513,-0.019615303,0.051853178,0.56953056,-0.05977545
-0.1416669,0.10017088,-0.096364555,-0.093557773,-0.088453596,0,-0.16226456,0.17386608,0.25133364,-0.20256503,-0.084536546,-0.064605747,0.076191299,-0.12557776,0.12299383,0.00091772068,-0.11012407,-0.20100433,0.18338814,-0.091668,0.15178439,-0.12496246,-0.017460801,-0.067790354,0.097111811,-0.0085454921,0.17628057,0.35937631,-0.021514657,0.13747564,-0.14904828,-0.096912093,-0.14498397,-0.00074662801,-0.15292752,0.01745284,-0.18951684,-0.22945557,-0.01575169,-0.025517247,-0.057863782,0.15515051,-0.0065881574,-0.02364763,0.21516123,0.015989242,0.078097936,-0.013872089,0.168104,0.023544626,-0.084893111,0.076781379,0.28717168,-0.078723766,-0.10180412,0.074890433,-0.128443,-0.18440891,0.157166,-0.018693817,0.015339372,-0.11348978,-0.12335412,-0.17628297,0.23419491,-0.10549616,-0.041739428,0.1155021,-0.24750916,-0.024440632,-0.058151163,-0.046287958,-0.30467128,-0.060206278,0.063338348,0.092993266,-0.25851404,-0.095829158,-0.19113052,0.032058026,0.11808849,-0.038946037,0.067213348,0.020243378,-0.10809197,0.21407812,-0.13302465,-0.079934164,0.13664133,0.01747819,0.32828827,0.088053895,-0.17555103,-0.19159573,0.028298729,-0.22067522,0.16881098,0.016357666,0.55783504,0.22522901,-0.19521962,-0.014355536,-0.15359267,-0.056555871,-0.072412992,0.14227351,-0.01067021,0.19106701,-0.19118617,-0.087477086,0.26660253,-0.1740003,-0.031269484,0.046580582,0.1210675,-0.031098463,0.39877864,0.29172981,-0.10846614,-0.018384691,0.1642608,-0.079700084,0.24085207,-0.2641412,-0.29300747,0.31217395,0.088029917,-0.16172427,-0.069742479,0.28501234,-0.12512135,0.16688957,0.073764668,0.15487191,-0.010045238,0.061015614,-0.023350629,-0.029016376,0.18926906,-0.1021912,0.083584934,-0.12087758,-0.14779234,0.040069464,-0.10864378,-0.11241335,-0.0063204048,0.091912863,-0.088813434,0.16590795,-0.034940404,-0.10314557,-0.054786288,-0.037818584,-0.010049698,0.041671911,-0.10262377,-0.13409381,0.0038908394,-0.075069648,-0.035422069,-0.15380478,-0.019916862,0.0062224092,0.19153237,-0.14055404,-0.023180749,-0.11743004,0.30036955,-0.02841439,0.270837,-0.027536233,-0.035643099,-0.10461618,0.057263587,0.064614847,-0.1225625,-0.026936468,-0.066652851,0.085946908,-0.049662008,-0.030359957,-0.11990154,-0.055326717,0.46634174,-0.012717996,-0.09915894,0.1070033
0.1086301,-0.28053927,0.064580836,-0.25484621,-0.024726112,-0.16226456,0,-0.26871414,-0.2344809,0.19739944,-0.013809956,-0.11481618,-0.062952679,0.10149808,-0.27428878,0.090612954,0.35448142,0.047885496,-0.097653381,0.11828348,-0.040218019,0.062980063,-0.16619172,0.34489406,0.15929692,-0.092878915,-0.3173724,-0.37988343,-0.17131075,0.13323712,0.053315902,0.28641932,0.14165147,-0.068711898,0.10789625,0.24316094,0.86171076,0.1747341,-0.061140728,0.0061201597,0.27532242,-0.11528161,-0.17996271,0.079703009,-0.28961673,-0.191263,-0.0082050104,0.05619483,0.053777873,-0.11380657,-0.11636344,-0.20848877,-0.10837652,-0.079875838,0.11189317,-0.044561355,0.10837886,0.097525414,0.027882635,-0.042599096,-0.11702486,-0.020941643,0.17329176,0.021179384,-0.15821453,0.11153281,0.3041866,-0.00219614,0.087567322,-0.15874967,0.051528955,0.25026882,0.20028376,0.011890901,-0.26178018,-0.098599234,0.68137545,-0.060028559,0.034659257,0.031184961,0.079840355,0.015489096,-0.23660344,-0.048475061,0.15903061,-0.30445553,0.081439952,0.011824789,-0.27027089,-0.25012037,-0.16037366,-0.15559682,0.49376428,0.095744491,0.26268193,0.17617422,-0.076548023,-0.183694,-0.16039567,0.013259259,0.19225508,0.016805717,-0.0018988068,-0.14982158,-0.11857121,0.057150359,-0.050486582,0.15321714,0.62305069,-0.13837719,-0.29790893,0.15348333,-0.068921854,0.11292831,-0.24329416,-0.02117507,-0.32043064,-0.24821549,0.10522026,-0.12335814,-0.23238689,0.10264939,-0.058860132,0.32995689,0.27886563,-0.26306567,0.17934904,0.11445365,0.193983,-0.26399819,0.32329242,-0.22002213,-0.2288335,-0.28886621,-0.13624905,-0.28674706,-0.030522223,0.18313511,-0.044894978,0.15917422,-0.22143599,0.0044604851,0.060126659,-0.26393057,0.16008613,0.084476525,0.079087546,0.17810077,-0.10798775,-0.25879987,0.075653237,0.18026813,0.095207526,-0.15601189,-0.13403681,-0.086131143,-0.020086029,0.16367177,0.048161332,-0.10631918,0.2230596,0.040247108,0.050122349,-0.23343108,0.092880736,0.02046957,0.066304662,0.079100763,-0.17170573,-0.2186139,0.097604316,0.32613688,0.035951175,0.035577863,-0.09949107,0.30690001,0.055047382,-0.14539123,-0.12677468,-0.23344437,0.30360844,0.41294637,-0.0020834002,0.65917526,-0.044210896,-0.027345711,0.045854552,0.40331216
-0.05737034,0.4042573,-0.1556764,-0.042641405,-0.10068654,0.17386608,-0.26871414,0,0.022867278,-0.077224304,-0.12069746,0.36842569,-0.038596343,-0.20090129,0.30356961,-0.051109389,-0.27366694,-0.25148569,-0.041473562,0.031358324,-0.053695832,-0.15022246,0.42804351,-0.31553165,0.17350092,-0.19571968,0.45137916,0.40763643,0.3533186,-0.22210796,-0.03231953,-0.33421693,-0.00750985,0.037067307,-0.15893658,-0.2204285,-0.26908622,-0.084068424,0.1191251,0.037922867,-0.22517055,-0.087202203,0.56649603,-0.097175979,0.22079991,0.27777207,0.0058206887,-0.31668138,-0.017338362,0.55794716,-0.15109448,0.22131772,-0.040598354,0.37755218,0.047675968,-0.21401425,-0.23802295,-0.26104462,-0.19104099,0.077384619,0.32386475,0.12273267,-0.22686473,-0.038602785,0.30110565,-0.073929786,0.068852998,0.01531065,-0.16133174,0.46262842,-0.021830558,-0.24959243,-0.13870588,-0.042966249,0.48487867,0.018734262,-0.34828488,0.030827363,-0.023818772,-0.12967451,-0.16153297,0.068982873,0.29048926,0.10098301,0.049233027,0.0083644663,-0.153641,-0.039151497,0.34844546,0.2186937,0.29865898,-0.096369645,-0.046822654,-0.17927935,0.059288686,-0.10539937,0.11263809,0.59710771,0.12628175,0.020379842,-0.13388859,-0.11015947,0.0026655581,0.36469668,0.36153924,-0.17758094,0.040701258,-0.19589621,-0.13243343,0.36815049,0.30833577,-0.22648355,0.1097889,-0.027856471,0.2194896,0.022741571,0.017132745,0.71527726,0.085667101,-0.15529489,0.1456985,0.045611694,-0.14558908,-0.17297069,-0.15966967,-0.036486925,0.19254439,-0.0034792094,-0.2519061,0.54998236,-0.33655461,0.25301703,0.10952423,0.48417495,0.47297288,0.31017375,-0.12495985,-0.011159417,-0.02557095,-0.10940989,0.50294313,-0.021809404,-0.20487177,0.12259195,0.018292856,0.041228939,-0.07565046,0.022108111,-0.10347853,0.36377712,-0.11609706,-0.30938311,-0.070386898,0.25976093,0.36553313,-0.0087528631,-0.01220306,-0.10081341,-0.1137263,0.35897441,-0.36029015,0.044305986,0.046799166,0.22416115,-0.1270036,-0.15604237,-0.022899426,-0.0400415,0.41513214,-0.083557494,0.025230102,0.070032064,0.14330605,-0.075699069,0.31060004,-0.066201559,-0.20837094,0.35278972,0.3080118,0.47134375,-0.23212292,-0.19048216,0.015138153,-0.29496571,-0.061177735,0.044659931,-0.079195226,-0.17990989
-0.067431086,0.24370468,-0.19969951,0.22285592,-0.011585824,0.25133364,-0.2344809,0.022867278,0,-0.31418554,-0.11878709,-0.048027298,0.039710833,-0.022239849,0.11878367,-0.075822085,-0.25015749,0.1391401,-0.055335204,-0.1067621,0.30291462,-0.21296896,-0.11094214,-0.1315965,0.2659325,0.26447753,0.2926611,0.31860001,-0.013802158,0.17993938,-0.20782519,0.098036333,0.018857255,0.066021909,-0.1987205,-0.27867114,-0.13697796,-0.19410119,-0.1224586,-0.0073994006,-0.11808344,0.39729439,0.057855567,-0.14101409,0.42072522,0.046720356,-0.16606042,0.46217805,0.041227728,0.035193612,0.23621468,0.13053445,0.061555019,-0.0074911358,-0.096231339,-0.033801026,-0.26234441,-0.0073416463,-0.023900819,0.13240238,-0.028206285,0.050415814,-0.29178703,-0.22048723,0.019804802,-0.11773506,-0.093595468,0.23706416,-0.08318561,-0.067408471,-0.010347362,-0.15203071,-0.36261376,-0.1041715,0.23260086,-0.026131088,-0.30296941,0.0027146208,-0.15822236,0.046568278,-0.28588206,0.071787238,0.17227249,0.029531287,-0.1119447,0.48916249,-0.0777653,-0.060111283,0.14407093,0.33699827,0.27878978,0.027368857,-0.22485398,-0.23578825,-0.022209568,-0.077401857,-0.1007388,-0.089167718,0.50245825,0.18398982,-0.28921603,0.12126867,-0.10332518,-0.13276538,0.0042736568,-0.031592809,-0.014616581,-0.17514147,-0.33480338,-0.087160451,0.32471404,-0.18170522,0.061959249,-0.081317728,0.013735654,0.27100346,0.23868009,0.22091218,-0.12829541,0.00088553772,0.029301427,-0.12177889,0.3413303,-0.29375144,-0.19989408,0.46491836,0.083201084,-0.28170806,-0.29024696,0.22263606,0.20170985,0.098126026,-0.10897905,0.075828745,-0.09772267,0.32779919,0.27614915,-0.10943972,0.11683226,0.012821457,-0.056561221,-0.18122377,-0.21144169,0.3063182,-0.13326593,-0.08588316,-0.040545475,0.011790843,0.11263005,0.46021193,-0.1464512,-0.15005346,-0.10562842,0.10524186,-0.12266895,0.31757293,-0.065706284,-0.14800304,-0.12023056,-0.040764996,-0.094144796,-0.078698521,-0.089943447,0.34077169,-0.28231209,0.090805833,0.016199881,-0.10892554,-0.037786888,-0.087236391,0.12862159,-0.11117878,-0.036131886,-0.18960809,0.0025780168,0.17939356,0.0075398378,-0.045863576,0.047848566,0.16234205,-0.18053003,0.076036238,-0.066293333,-0.020938708,0.09570234,-0.038531112,-0.10797687,0.094783577
0.073011779,-0.065535973,0.3773647,0.011029232,0.031493274,-0.20256503,0.19739944,-0.077224304,-0.31418554,0,0.099380937,0.12335454,-0.0037939,-0.0039456143,-0.15199009,-0.17346602,0.351887,0.20386568,0.081127617,0.036949685,-0.24618766,0.17075246,-0.0059460856,-0.031828574,-0.19003402,-0.068449435,-0.27475737,-0.24631876,0.062647161,-0.031458825,0.69320151,-0.14475452,-0.050697312,-0.0025121498,0.16521238,0.43640188,0.11167481,0.50200051,0.44305712,-0.030739886,0.44534137,-0.20766439,-0.090071964,-0.061203404,-0.23449846,-0.056573904,0.216311,-0.057647561,-0.060230439,0.0064973814,-0.13220919,-0.22550208,-0.0158387,0.042310783,-0.12834217,0.085686752,0.41965507,0.20253573,0.19823095,-0.16800193,-0.10226506,0.41636171,0.30905366,0.27172612,-0.15154324,0.13989187,-0.14188029,-0.33577188,0.10952685,-0.045908764,-0.075513478,0.32814694,0.38336735,-0.053735915,-0.10096917,0.066888578,0.40437271,-0.15617553,0.20516937,-0.17195424,0.36888661,-0.046075075,-0.23368432,0.30609572,-0.11812333,-0.38401999,0.26829821,-0.098551593,0.064280957,-0.25526872,-0.19759721,0.0073974778,0.0059803915,0.25076924,-0.15878477,0.56957958,0.2245901,0.019152735,-0.33177464,-0.29670313,0.31234319,-0.042822844,0.11492432,0.046757566,-0.01204853,0.17929102,-0.07672423,0.18088067,0.11504472,0.0035755185,-0.12325118,0.21624285,0.22380371,-0.15181961,-0.082232151,0.052791273,-0.25533374,-0.23762404,-0.12760972,0.0060701765,0.20929524,0.020584131,-0.14164666,0.226221,0.13723092,-0.15476726,-0.054472004,0.703937,0.25863162,-0.24010207,0.20451089,-0.22199273,0.22913242,0.0096629234,0.025363564,-0.24168524,-0.29962563,-0.15506262,0.061005703,-0.090991313,-0.070632612,0.16298411,0.36778652,-0.082766953,0.085497261,-0.035749901,-0.18437721,-0.19505939,-0.02754741,-0.25320503,0.035472931,0.2110741,-0.093176542,-0.093333103,0.071031452,-0.1171731,-0.11309259,0.095338143,0.33172295,0.0843873,0.2661753,-0.11477737,0.066110893,-0.29133635,0.35174101,0.30506852,-0.21954051,-0.002974541,-0.037671097,0.22817467,0.051236524,-0.12546196,-0.15352619,0.25661977,-0.096231069,-0.28410036,0.10211217,0.23832508,0.14005979,-0.22630571,0.10521337,0.12093131,-0.033241742,0.11824791,-0.016039116,-0.089891067,0.24142113,-0.23566921
0.34483159,0.068695532,0.65102771,-0.060386028,0.72151628,-0.084536546,-0.013809956,-0.12069746,-0.11878709,0.099380937,0,0.026086399,-0.15939908,0.0019445573,-0.09591489,-0.10642179,0.001028078,0.026372698,-0.0095559534,0.16796502,-0.233793,0.0062563339,-0.11623592,0.026756168,-0.11280549,-0.041914388,0.015207767,0.019536309,0.078195711,-0.18876726,0.056692225,-0.049582202,0.10280607,0.054698591,-0.022611581,0.022728597,-0.025710286,0.15832179,0.18514661,0.34667973,0.07976952,-0.21468293,-0.14393067,-0.065148954,-0.096253009,0.21966564,-0.1226474,-0.086733363,0.027194298,-0.069257459,-0.014500988,-0.096991542,-0.096194579,-0.011436151,-0.10265333,0.11717948,0.48096386,0.28954425,0.044911281,0.035021287,-0.12096875,0.014343733,0.2101106,0.57048098,-0.1602453,0.39654549,-0.077864026,-0.10592002,0.51163282,-0.14449833,0.19168762,-0.052460785,0.095333679,-0.048815042,-0.036371616,0.16135073,0.055903941,-0.052220883,0.48184565,-0.043470592,0.11055719,0.062756611,-0.15313514,0.076760408,0.033944045,-0.12859831,0.48685949,-0.094743153,0.1719409,-0.18365298,-0.16963721,0.12952175,0.022155924,0.66486926,-0.089578083,0.037818621,-0.11604818,-0.10559937,-0.19125703,-0.079625286,0.089262177,-0.029785244,0.16869619,-0.14751892,-0.10159752,-0.089194906,0.028610855,-0.098596004,0.041321405,-0.14337465,0.028840726,0.16071886,0.075041211,-0.081730544,-0.064659568,-0.02253817,0.024003462,-0.090961772,-0.10023591,0.10311051,0.046888546,0.2431304,-0.090995472,0.22299717,0.1890429,-0.010687629,-0.072604179,0.19799797,0.21805857,-0.18468991,-0.02330437,-0.11004136,0.03055827,0.073545801,-0.1020817,-0.1382032,-0.10955451,-0.10425335,-0.17187036,-0.054959259,-0.12695941,0.26444362,0.21024872,-0.13159177,0.15244602,0.2452682,-0.054669493,-0.060204141,-0.0072130973,-0.075457179,0.077546051,0.16668708,-0.12372364,0.15236921,-0.035936137,-0.2516081,0.0060835596,0.22512326,-0.095150371,0.048326883,0.058139665,0.0074353779,0.14471733,-0.13784428,-0.023087337,-0.041275718,-0.094497937,0.17251816,-0.15431459,0.12603341,-0.11915395,-0.061073747,0.026357263,0.58399217,-0.1269151,-0.086106229,-0.019146082,0.03404496,-0.042844536,-0.22756278,0.05415935,0.022237451,0.053039578,-0.03548073,0.018859211,0.061250028,0.45857826,-0.061963557
0.053873777,0.46261933,-0.064495126,-0.084757526,0.021209959,-0.064605747,-0.11481618,0.36842569,-0.048027298,0.12335454,0.026086399,0,-0.17800427,-0.18788737,0.32068621,-0.051306814,-0.10985309,-0.14536114,-0.1401802,0.096880299,-0.2439136,-0.18956575,0.39976029,-0.22476303,0.23375305,-0.18366724,0.38595111,0.2889172,0.71738451,-0.28810768,0.13546485,-0.263835,0.08245682,-0.0046694315,-0.18209215,-0.1508351,-0.10464742,0.040151527,0.12854605,0.082222849,-0.15177286,-0.19435344,0.37941845,-0.10030103,0.10152465,0.28794227,-0.18924625,-0.2689652,-0.08102917,0.53931151,-0.067044511,0.17697316,-0.15833521,0.75833801,0.021972214,-0.21699834,-0.10951597,-0.16429368,-0.24646389,-0.017852491,0.31321432,0.29082144,-0.12053178,0.16077239,-0.028993234,0.043149228,0.075969109,-0.03579266,0.02175917,0.3571106,0.029278781,-0.17379938,-0.057126735,-0.0066223538,0.48019265,-0.01262453,-0.1691264,0.089129894,0.15321033,-0.16557693,-0.18719647,-0.022457047,0.25045147,0.20819158,0.11983,-0.060255265,-0.10250353,-0.027695567,0.48340323,0.040179657,0.0018360287,-0.063221688,0.084959524,0.030405927,0.073172985,0.12737321,-0.16106414,0.41749475,-0.095190269,-0.037896903,0.0022724068,-0.14568216,0.053909245,0.37083497,0.36729934,-0.24418509,0.16411308,-0.2689728,0.021012671,0.34373738,0.42491081,-0.14512052,0.13051726,-0.018427219,0.043396588,0.10601182,-0.067978325,0.3804909,0.08341445,-0.052827716,0.024786116,0.12615236,-0.21845513,0.066449438,0.074518277,-0.10427833,0.26437129,0.12428846,-0.15797699,0.15517726,-0.24256379,0.20954694,-0.0069215472,0.49664336,0.36972229,0.27799973,-0.16380995,-0.027706868,-0.22837823,-0.013358122,0.31381131,0.021767239,-0.10823819,-0.015789315,0.089850442,0.14607104,-0.04995595,0.039472008,-0.070532025,0.44553119,-0.16086797,-0.20583678,-0.086403238,0.25770152,0.41730228,-0.21102102,0.0018280115,-0.052765186,-0.1931855,0.64578157,-0.26898031,0.080137958,-0.0022933798,0.15401932,-0.17500312,-0.0056000344,-0.026586535,0.053740012,0.0042059768,-0.10667215,-0.021086501,0.08122162,0.089192815,0.011093698,0.30587658,-0.062511078,-0.20949758,0.7501384,0.62581067,0.19394995,-0.083982277,-0.014216405,0.050529088,-0.22088076,-0.19658371,-0.061531013,0.023734684,-0.17117892
-0.035712442,-0.079359266,-0.073890152,0.22064943,-0.10549674,0.076191299,-0.062952679,-0.038596343,0.039710833,-0.0037939,-0.15939908,-0.17800427,0,0.056411705,-0.14343475,-0.017116131,0.15929723,0.14494654,0.49421665,-0.033832014,0.17624359,0.081579554,-0.1578978,-0.03949879,-0.15701514,0.14778006,0.015519197,0.004607625,-0.15940753,0.27588547,0.01102787,0.038068578,-0.019772642,0.45801818,0.09337557,0.18054949,-0.064826468,0.056021905,-0.028935881,-0.035749185,0.013582083,0.24183166,-0.08006923,-0.0064404614,0.1430965,0.094442842,0.11873331,0.13490552,0.026348361,-0.13468069,0.033566944,-0.12468601,0.10763395,-0.13426242,-0.062211571,0.073661427,-0.033486214,0.11782289,0.21647537,0.026439224,-0.14214074,0.010916901,-0.0057873335,-0.079211649,0.016423074,-0.015045612,-0.086486319,-0.072872458,-0.086199693,-0.11629765,0.030062976,0.27380383,0.035614959,-0.073296733,-0.052157042,0.34196258,0.027211906,-0.087834026,-0.064839585,-0.046107014,0.16679955,0.29162458,-0.1166402,-0.09707537,-0.17991511,0.17635943,0.022484702,-0.058667606,-0.15668034,0.099456868,0.1439589,0.030960425,-0.13811723,-0.16082258,-0.09635529,0.076375644,0.20799167,-0.12064224,0.2178273,-0.08800472,-0.0043350035,0.090376449,-0.093423049,-0.12876986,-0.049173225,0.27905572,-0.16844961,0.16610077,-0.097606179,-0.11609886,-0.15230282,0.027635832,0.043035168,-0.071873727,0.018593497,-0.02400605,0.029936108,-0.065476376,-0.093000049,-0.042598227,0.11951951,-0.081351857,0.2233671,-0.11108615,-0.10767846,-0.038755991,-0.16687236,-0.036379216,0.031940949,-8.7484089E-06,0.092228396,-0.13493338,0.063988132,-0.14396334,-0.062053893,-0.094002655,-0.0026425069,-0.028716006,0.27507727,-0.063264872,-0.10698604,-0.087820922,-0.048433621,0.20212994,-0.017540532,-0.096996842,-0.10147724,-0.14067261,0.1310849,-0.091777648,0.033747648,0.054498319,0.033313694,0.10180099,-0.13749951,0.23517002,-0.087358164,-0.0079214019,0.24290684,-0.10493517,0.060466097,-0.11165193,0.17540075,-0.080638801,0.18155424,0.092102427,-0.071904035,-0.063011435,0.076514287,0.054999614,0.20560943,-0.1089362,-0.061710303,-0.075700141,-0.1323535,-0.1042416,0.094604948,-0.1548702,-0.076517793,-0.0068661796,-0.085709456,-0.054323017,-0.0613583,-0.017071419,0.13083904,0.050132936,-0.094074969,-0.095991077
0.071864292,-0.22887894,-0.0010900812,0.061577766,-0.067452701,-0.12557776,0.10149808,-0.20090129,-0.022239849,-0.0039456143,0.0019445573,-0.18788737,0.056411705,0,-0.22691766,0.10610645,0.010254365,0.14799706,0.070633046,0.18072204,0.079328775,0.46099106,-0.27585754,0.086623061,-0.11599204,0.096732286,-0.18640452,-0.22086086,-0.24634507,0.1319258,0.011401394,0.11380784,0.23592865,0.021208969,0.61696604,-0.024880086,0.15781313,0.0093287687,-0.12605755,-0.016372861,0.069672209,0.13887093,-0.21752587,0.30689387,-0.053670733,-0.025426148,0.057294803,0.11154573,0.14131137,-0.2618041,0.1111823,-0.15801122,0.063829637,-0.22279222,0.25220667,0.023521524,0.11208379,0.031792799,-0.019622134,0.42840796,-0.25888928,-0.017127857,0.00069446969,-0.044958572,-0.10210323,0.044646077,0.025522969,-0.11547875,0.020598035,-0.27362362,0.16922943,-0.0058526126,0.12015907,0.16855204,-0.22925704,0.018109789,0.18563246,0.015835135,-0.012025705,-0.0079098031,-0.097613691,0.25709002,-0.29796375,-0.022016974,0.094881779,-0.05851476,-0.020382357,0.12741071,-0.2186417,0.047937696,-0.05676393,-0.0038749415,0.05910113,0.12198093,-0.093942558,0.015327443,-0.016070505,-0.21586631,-0.089299102,-0.14206972,0.0084476236,0.47638513,0.074183008,-0.2355892,-0.22143586,0.040550295,0.0062765873,0.067210952,0.081354521,-0.237772,-0.15257096,0.029007343,-0.044748356,0.10053697,-0.0086763485,0.039482935,-0.079175571,-0.22499216,0.10969124,0.10503433,-0.10807443,0.17577645,-0.00082424962,0.12311668,0.11534248,-0.047799622,-0.13803747,-0.029111623,-0.06114366,-0.20076708,0.16997119,-0.27627976,-0.016562315,-0.20023921,-0.2261593,-0.23281826,0.023544866,0.20721887,0.029528966,0.026453442,-0.26725989,0.038401939,0.20655503,0.027928922,0.14461882,0.14932038,0.047648593,-0.094917304,0.093651806,-0.23928659,0.38615226,0.0457141,0.25606224,0.031797485,-0.18025642,0.17305826,0.21704364,0.31889702,0.06733746,-0.23887392,0.05998799,0.11898697,0.21355386,-0.1172078,-0.040300651,0.070306315,-0.035184464,0.11386358,-0.18603121,0.052097575,-0.093240611,0.024472582,0.35964446,-0.11290218,-0.27262605,-0.047383539,0.73237917,-0.19577111,-0.21343964,-0.18291889,0.061180067,0.073334518,0.13011228,0.16227457,-0.077488009,0.3595976,-0.053120248,0.0069099383
-0.14654507,0.25626422,-0.21764446,-0.031132055,-0.11613414,0.12299383,-0.27428878,0.30356961,0.11878367,-0.15199009,-0.09591489,0.32068621,-0.14343475,-0.22691766,0,-0.12449982,-0.30307237,-0.27337881,-0.10809822,-0.079831054,0.059100896,-0.19583974,0.51654113,-0.048589356,0.20154515,-0.10638416,0.25584008,0.22365335,0.3844163,-0.11829693,-0.10451196,-0.1362273,-0.11995798,-0.12457264,-0.21323503,-0.30849145,-0.25585523,-0.20149275,-0.070902145,-0.068764065,-0.25173508,-0.0011395641,0.38093017,-0.17578907,0.051802079,0.014536547,-0.019175496,-0.15309734,-0.019909877,0.35563483,0.033818063,0.71730765,0.087294878,0.29008104,-0.032435717,-0.12438426,-0.21457788,-0.30894753,-0.26559734,-0.057129047,0.41015172,-0.029262243,-0.23286833,-0.055450686,0.3836388,-0.14898604,-0.036405302,0.27114034,-0.15088741,0.40980809,-0.11184379,-0.3192032,-0.13318854,-0.081685479,0.31064597,-0.12343484,-0.37419918,0.098056732,-0.054963857,0.19093778,-0.26868182,-0.18753118,0.54021125,0.047611797,0.0034088508,0.16507165,-0.24933177,-0.11426939,0.28068015,0.22660327,0.065641671,0.079051759,-0.098698937,-0.086716931,0.014948773,-0.16690605,-0.10709508,0.49276768,0.063347453,0.29936515,-0.11020616,-0.15269664,0.013468751,0.60747706,0.39415166,-0.205056,0.21123882,-0.073937454,-0.16719005,0.49974821,0.47267989,-0.22195919,-0.041290298,-0.090443978,0.35106285,-0.050218824,0.24297316,0.33219531,0.021525519,0.15391754,-0.062494147,-0.068240794,-0.12749972,-0.10549428,-0.11434919,0.29757165,0.24513978,-0.12379051,-0.2497741,0.30527011,-0.33620955,0.61345738,0.062732398,0.37846367,0.33113603,0.68477476,0.14665918,-0.12333127,-0.13024185,-0.087390116,0.4893677,-0.00081414679,-0.13933699,0.022032127,-0.10804337,-0.042091183,-0.01375219,0.033318201,0.010993926,0.39875654,-0.17816944,-0.28026254,-0.17921124,-0.023557882,0.5321429,-0.055654773,0.00087470953,-0.23650602,-0.21733396,0.29966219,-0.19949021,-0.00046636075,-0.1942028,0.52122516,-0.17820471,-0.15478002,-0.021770216,-0.055606743,0.18528965,-0.031412136,-0.15137375,-0.034389687,0.0012885147,-0.13560747,0.41191487,0.022944997,-0.2457097,0.36752702,0.26880384,0.42671982,-0.081534312,-0.15850537,0.067833375,-0.24251979,-0.11400564,-0.051960234,-0.14590743,0.017297524
-0.078298134,-0.063796977,-0.13342427,-0.14014467,-0.10902679,0.00091772068,0.090612954,-0.051109389,-0.075822085,-0.17346602,-0.10642179,-0.051306814,-0.017116131,0.10610645,-0.12449982,0,-0.10211511,-0.20382055,-0.023535109,0.02879195,-0.15028901,0.081782335,-0.11791832,0.088867349,-0.04976411,-0.1472795,0.020620371,0.0064593144,-0.090505799,-0.16177214,-0.17502128,0.059482741,0.029635559,-0.065042129,0.10301772,-0.11336806,0.093431133,-0.1549876,-0.13270992,-0.024197069,-0.11074923,-0.12021712,-0.012147995,0.59856845,-0.011690292,-0.045664575,-0.1332979,-0.17024802,0.023281342,-0.11468902,-0.080142397,-0.078186571,-0.12399034,-0.040582948,0.52656726,-0.14024196,-0.146703,-0.1687662,-0.11592665,0.1269662,-0.071161135,-0.12085624,-0.12134702,-0.14753064,-0.096005987,-0.10367173,0.50247436,0.082575094,-0.11575291,-0.11327202,0.072849841,-0.13408829,-0.15431682,0.51339901,-0.051311153,-0.076781682,-0.076372755,0.28273363,-0.14579068,-0.0078923158,-0.10720026,-0.037033359,-0.049597342,-0.063787782,0.37940889,-0.044767225,-0.15891441,0.59570657,-0.090073571,-0.05088554,-0.10845271,-0.091786599,0.2610489,-0.1134584,0.59091948,-0.19327519,-0.15201919,-0.031857976,-0.0093536343,0.052867236,-0.13329,0.031316527,-0.14692916,-0.1006914,-0.086787132,-0.15116058,0.1952644,-0.14668136,0.19184913,-0.12393896,-0.033792054,-0.13285748,-0.14438639,0.81693865,-0.085353767,-0.049701258,-0.07231131,-0.010445589,0.55036657,-0.045754198,-0.095589219,0.078586065,-0.081905548,0.029099602,0.055671118,-0.1230345,-0.071802821,-0.14297427,-0.12605304,-0.067594224,-0.12106646,-0.031724251,-0.12491359,-0.075319196,-0.12657439,-0.10503113,0.051472217,0.66752685,-0.13331319,0.1964192,-0.098534956,-0.12810455,-0.17889073,-0.076345168,0.030790557,0.14739745,0.57719959,0.54042229,-0.10546376,-0.019151909,0.033669802,-0.16448582,0.66751116,-0.027940857,-0.10274663,-0.13597772,0.35485843,0.0227122,-0.18807822,-0.068050853,-0.15621399,0.32235415,-0.039131044,-0.079263811,-0.12190185,-0.18189893,0.59951168,0.064749492,-0.083454405,-0.17429728,-0.078447181,0.46221234,0.28012578,-0.11067394,-0.080446188,0.33028643,0.03331104,-0.10190902,-0.08973771,-0.048533353,0.12327635,-0.13370245,0.13964272,-0.010790402,-0.053235398,0.11771954,-0.13490611,0.20848298
0.094442021,-0.17030392,0.17322663,0.066304368,0.0011873115,-0.11012407,0.35448142,-0.27366694,-0.25015749,0.351887,0.001028078,-0.10985309,0.15929723,0.010254365,-0.30307237,-0.10211511,0,0.21766278,0.087290054,0.004997625,-0.037377453,0.086520278,-0.099517787,0.030774586,-0.068790068,0.12437101,-0.34156836,-0.35037596,-0.14918411,0.25101501,0.17026838,0.045206997,0.002229203,0.25892109,0.054002,0.72139199,0.30114289,0.34981485,0.2014847,-0.069048266,0.23939087,-0.090651971,-0.23405991,-0.058972544,-0.17285835,-0.16707121,0.032886681,0.12561164,-0.03346872,-0.054117984,-0.17949225,-0.35470174,-0.129538,-0.11528846,-0.18098109,0.14749029,0.25310787,0.29123108,0.39029582,-0.22266074,-0.12538886,0.083465789,0.4349401,0.18822397,-0.23716956,0.13235005,-0.11996237,-0.28832545,0.08700709,-0.092950895,-0.07833282,0.76338639,0.57853519,-0.14814745,-0.25815665,0.21843133,0.56256737,-0.24429874,0.1976702,-0.20551692,0.41311586,0.02396145,-0.26309483,-0.14757682,-0.19049111,-0.21413893,0.22095695,-0.15089195,-0.13441745,-0.32336329,-0.026141376,0.1411096,0.10352374,0.08040459,-0.14021678,0.36565478,0.16961812,-0.22503014,-0.101024,-0.26491757,0.60000842,0.017011096,0.23194349,-0.087336005,-0.14778283,0.36336959,-0.27978806,0.2864716,0.25996689,-0.082332512,-0.37631906,0.42647909,0.22808663,-0.10173622,-0.31546655,-0.098696004,-0.24923658,-0.28855029,-0.20481323,-0.20115694,0.081181529,-0.02851132,0.11983948,0.21949863,0.18048974,-0.25496424,0.0072139732,0.25859776,0.44396493,-0.24171671,0.3031403,-0.28684936,-0.066323624,-0.28921415,-0.045163291,-0.30639079,-0.23803723,-0.10527166,0.19466213,-0.068605023,-0.16917479,0.2429323,0.1642181,-0.12012338,0.11953341,-0.088324061,-0.20948143,-0.1697366,0.19174418,-0.35475887,0.055278801,0.46919151,-0.058041814,-0.1479256,-0.1686858,-0.060543669,-0.26167642,0.1086823,0.40014889,-0.087184262,0.2794227,-0.20858833,0.096074742,-0.35298983,0.39428579,0.17974226,-0.22365061,-0.04185332,-0.099566126,0.051987288,0.4842303,-0.10294117,-0.2090684,0.16583843,-0.12204363,-0.18521411,0.10566047,-0.1124713,-0.075234508,-0.26922147,0.058726149,0.3833875,-0.1944676,0.22910678,0.11480967,-0.19780156,0.17449636,-0.12314835
